                                          45
                 30                                                    62
         20              35                                  50             70
    15                      40                                             65  75 

preorder 45 30 20 15 35 40 62 50 70 65 75
            45 30 20 15 35 40 62 50 70 65 75

inorder   15 20 30 35 40 45 50 62 65 70 75
             15 20 30 35 40 45 50 62 65 70 75


postorder 15 20 40 35 30 50 65 75 70 62 45
              15 20 40 35 30 50 65 75 70 62 45
삭제 순	 15 20 40  35 30 50 65 75 70 62 45